22
33
44
1485288365
1485288369
1485288370
1485288370
1485288370
1485288371
1485288371
1485288371
1485288372
1485288372
1485288372
1485288372
1485288373
1485288373
1485288373
1485288373
1485288373
1485288374
1485288374
1485288374
1485288374
1485288374
1485288374
1485288376
1485288827
1485288827
1485288828
1485288828
1485288829
1485288954
1485288955
1485288956
1485288958
1485289049
1485289049
1485289050
1485289050
1485289050
1485289050
1485289050
1485289051
1485289051
1485289051
1485289052
1485289052
1485289052
1485289052
1485289052
1485289053
1485289053
1485289053
1485289053
1485289053
1485289054
1485289054
1485289054
1485289054
1485289054
1485289055
1485289055
1485289055
1485289055
1485289056
1485289056
1485289056
1485289057
1485289057
1485289057
1485289057
1485289057
1485289058
1485289058
1485289058
1485289059
1485300039
1485300048
1485300460
